4.697699999999999676e+01 4.604999999999999716e+01
4.528099999999999881e+01 4.853199999999999648e+01
4.795300000000000296e+01 4.645700000000000074e+01
4.687199999999999989e+01 5.330299999999999727e+01
3.724499999999999744e+01 4.872899999999999920e+01
8.513200000000000500e+01 1.817800000000000082e+01
3.552900000000000347e+01 8.706699999999999307e+01
4.549900000000000233e+01 4.739500000000000313e+01
7.480899999999999750e+01 6.221500000000000341e+01
6.225999999999999801e+01 6.778199999999999648e+01
7.929999999999999716e+01 2.272200000000000131e+01
6.507099999999999795e+01 5.121000000000000441e+00
3.358700000000000330e+01 8.975900000000000034e+01
3.616299999999999670e+01 8.748799999999999955e+01
3.663400000000000034e+01 8.559600000000000364e+01
4.203199999999999648e+01 4.033899999999999864e+01
6.252300000000000324e+01 1.093500000000000050e+01
6.471999999999999886e+01 6.899299999999999500e+01
4.799399999999999977e+01 4.982500000000000284e+01
4.392499999999999716e+01 4.813300000000000267e+01
4.790500000000000114e+01 4.871099999999999852e+01
4.497399999999999665e+01 4.688199999999999790e+01
8.172499999999999432e+01 1.832900000000000063e+01
8.687999999999999545e+01 2.169300000000000139e+01
6.246399999999999864e+01 9.259999999999999787e+00
6.288000000000000256e+01 6.489900000000000091e+01
4.178199999999999648e+01 4.800800000000000267e+01
4.270100000000000051e+01 4.888600000000000279e+01
6.084700000000000131e+01 9.970000000000000639e+00
4.091700000000000159e+01 4.938300000000000267e+01
6.428799999999999670e+01 4.020000000000000240e-01
4.887800000000000011e+01 5.103600000000000136e+01
7.105599999999999739e+01 1.043900000000000006e+01
4.524900000000000233e+01 4.916899999999999693e+01
3.532699999999999818e+01 8.903799999999999670e+01
8.375100000000000477e+01 2.452100000000000080e+01
7.278100000000000591e+01 7.186499999999999488e+01
7.943000000000000682e+01 2.775100000000000122e+01
7.418899999999999295e+01 1.358600000000000030e+01
4.770499999999999829e+01 4.526700000000000301e+01
4.290599999999999881e+01 4.502199999999999847e+01
6.149600000000000222e+01 6.727800000000000580e+01
4.172099999999999653e+01 5.205400000000000205e+01
7.952400000000000091e+01 1.382199999999999918e+01
8.435699999999999932e+01 1.703600000000000136e+01
8.209000000000000341e+01 2.474899999999999878e+01
8.049599999999999511e+01 2.046000000000000085e+01
5.814300000000000068e+01 5.771500000000000341e+01
7.371999999999999886e+01 4.908999999999999808e+00
3.580400000000000205e+01 8.399500000000000455e+01
4.289600000000000080e+01 4.592399999999999949e+01
6.369400000000000261e+01 3.099000000000000199e+00
4.792000000000000171e+01 5.139000000000000057e+01
6.598000000000000398e+01 6.153499999999999659e+01
4.635399999999999920e+01 4.394100000000000250e+01
7.482099999999999795e+01 1.205599999999999916e+01
5.980899999999999750e+01 1.035599999999999987e+01
6.665900000000000603e+01 1.756700000000000017e+01
8.090600000000000591e+01 2.191100000000000136e+01
6.963299999999999557e+01 6.160000000000000142e+01
8.588400000000000034e+01 2.898300000000000054e+01
6.150999999999999801e+01 7.664799999999999613e+01
7.166899999999999693e+01 7.082399999999999807e+01
7.025600000000000023e+01 3.347999999999999865e+00
6.511400000000000432e+01 6.474000000000000199e+00
8.395000000000000284e+01 2.363700000000000045e+01
8.047400000000000375e+01 1.462400000000000055e+01
6.182900000000000063e+01 1.240799999999999947e+01
6.613800000000000523e+01 6.547899999999999920e+01
3.613300000000000267e+01 8.489900000000000091e+01
8.018899999999999295e+01 2.271699999999999875e+01
4.240800000000000125e+01 4.555199999999999960e+01
7.901800000000000068e+01 2.118799999999999883e+01
6.233800000000000097e+01 7.622299999999999898e+01
6.534000000000000341e+01 7.519000000000000128e+00
6.961599999999999966e+01 8.141999999999999460e+00
6.512099999999999511e+01 1.013899999999999935e+01
6.751999999999999602e+01 4.852000000000000313e+00
4.659899999999999665e+01 4.387500000000000000e+01
6.289999999999999858e+01 6.712500000000000000e+01
4.413799999999999812e+01 4.345100000000000051e+01
8.400900000000000034e+01 2.064600000000000080e+01
4.394299999999999784e+01 4.978499999999999659e+01
3.673799999999999955e+01 8.869299999999999784e+01
6.209799999999999898e+01 6.914300000000000068e+01
8.081000000000000227e+01 1.535999999999999943e+01
3.534400000000000119e+01 8.768099999999999739e+01
8.816299999999999670e+01 1.399699999999999989e+01
6.491800000000000637e+01 1.578500000000000014e+01
8.084600000000000364e+01 2.014199999999999946e+01
6.560599999999999454e+01 6.637999999999999545e+01
6.831999999999999318e+01 5.852000000000000313e+00
7.478300000000000125e+01 6.905000000000000249e+00
8.453700000000000614e+01 2.344099999999999895e+01
6.684699999999999420e+01 5.944700000000000273e+01
4.118800000000000239e+01 4.465500000000000114e+01
6.976200000000000045e+01 7.239799999999999613e+01
3.436099999999999710e+01 8.638299999999999557e+01
3.635300000000000153e+01 8.608700000000000330e+01
8.549299999999999500e+01 2.350499999999999901e+01
8.424899999999999523e+01 1.935999999999999943e+01
8.313100000000000023e+01 1.806400000000000006e+01
7.352599999999999625e+01 1.971499999999999986e+01
7.147599999999999909e+01 6.634900000000000375e+01
6.310999999999999943e+01 6.615000000000000568e+01
6.073799999999999955e+01 6.504500000000000171e+01
6.302300000000000324e+01 6.598600000000000421e+01
3.480400000000000205e+01 8.723199999999999932e+01
7.571500000000000341e+01 7.391000000000000014e+00
6.622100000000000364e+01 4.701999999999999957e+00
6.177400000000000091e+01 1.505599999999999916e+01
4.121699999999999875e+01 4.500300000000000011e+01
6.709699999999999420e+01 6.670699999999999363e+01
3.543500000000000227e+01 8.752299999999999613e+01
3.509599999999999653e+01 8.679000000000000625e+01
7.165500000000000114e+01 1.337500000000000000e+01
4.368900000000000006e+01 4.798700000000000188e+01
7.044499999999999318e+01 -2.705999999999999961e+00
4.583599999999999852e+01 4.657800000000000296e+01
6.286399999999999721e+01 1.012500000000000000e+01
8.522499999999999432e+01 1.927700000000000102e+01
6.678900000000000148e+01 7.565999999999999837e+00
8.120399999999999352e+01 2.117099999999999937e+01
8.238400000000000034e+01 1.250999999999999979e+01
8.405200000000000671e+01 2.126300000000000168e+01
4.514399999999999835e+01 4.823499999999999943e+01
5.677600000000000335e+01 6.191199999999999903e+01
6.208700000000000330e+01 4.979000000000000092e+00
4.800099999999999767e+01 4.343699999999999761e+01
7.341200000000000614e+01 2.318599999999999994e+01
7.027800000000000580e+01 6.559499999999999886e+01
6.939100000000000534e+01 8.730000000000000426e+00
4.306499999999999773e+01 5.138300000000000267e+01
6.479500000000000171e+01 7.597999999999999865e+00
6.254299999999999926e+01 7.101999999999999602e+01
4.151500000000000057e+01 4.788799999999999812e+01
3.792999999999999972e+01 8.602500000000000568e+01
6.302300000000000324e+01 6.067699999999999960e+01
4.317300000000000182e+01 4.915400000000000347e+01
4.584799999999999898e+01 4.700999999999999801e+01
7.115300000000000580e+01 1.421799999999999997e+01
3.597800000000000153e+01 8.722799999999999443e+01
7.491599999999999682e+01 1.414600000000000080e+01
5.936399999999999721e+01 7.447199999999999420e+01
6.820799999999999841e+01 6.575300000000000011e+01
3.536099999999999710e+01 8.606900000000000261e+01
7.305700000000000216e+01 -1.846999999999999975e+00
6.187100000000000222e+01 1.381499999999999950e+01
3.833100000000000307e+01 8.723199999999999932e+01
8.350300000000000011e+01 2.081599999999999895e+01
7.960599999999999454e+01 2.053800000000000026e+01
5.488199999999999790e+01 1.013799999999999990e+01
4.788000000000000256e+01 4.925600000000000023e+01
6.951500000000000057e+01 7.402599999999999625e+01
3.500000000000000000e+01 8.635399999999999920e+01
8.144499999999999318e+01 2.087000000000000099e+01
6.528199999999999648e+01 8.660000000000000142e+00
3.558400000000000318e+01 8.620799999999999841e+01
6.585399999999999920e+01 6.770999999999999375e+01
6.274499999999999744e+01 5.940899999999999892e+01
4.526599999999999824e+01 4.724300000000000210e+01
8.315399999999999636e+01 2.591900000000000048e+01
4.462700000000000244e+01 4.705400000000000205e+01
8.247400000000000375e+01 2.021000000000000085e+01
3.740800000000000125e+01 8.714199999999999591e+01
5.914399999999999835e+01 6.857399999999999807e+01
3.908500000000000085e+01 8.813200000000000500e+01
6.182900000000000063e+01 9.574999999999999289e+00
4.295400000000000063e+01 4.393200000000000216e+01
6.837099999999999511e+01 6.767499999999999716e+01
6.837900000000000489e+01 6.642400000000000659e+01
8.711199999999999477e+01 1.561500000000000021e+01
6.172699999999999676e+01 1.310100000000000087e+01
5.329699999999999704e+01 1.852700000000000102e+01
6.044200000000000017e+01 7.631000000000000227e+00
8.130899999999999750e+01 1.306300000000000061e+01
4.068399999999999750e+01 4.962700000000000244e+01
4.342999999999999972e+01 4.827199999999999847e+01
8.332099999999999795e+01 1.521199999999999974e+01
8.355200000000000671e+01 2.356500000000000128e+01
6.562199999999999989e+01 5.450999999999999623e+00
6.517700000000000671e+01 1.503299999999999947e+01
4.586699999999999733e+01 4.677900000000000347e+01
3.638799999999999812e+01 8.757099999999999795e+01
6.505200000000000671e+01 7.937999999999999723e+00
6.193800000000000239e+01 6.387500000000000000e+01
7.632200000000000273e+01 1.845200000000000173e+01
8.845600000000000307e+01 2.299399999999999977e+01
4.433100000000000307e+01 4.546200000000000330e+01
3.365999999999999659e+01 8.504099999999999682e+01
6.357900000000000063e+01 1.191499999999999915e+01
3.392199999999999704e+01 8.910599999999999454e+01
4.458800000000000097e+01 4.645900000000000318e+01
6.297599999999999909e+01 5.825900000000000034e+01
6.959900000000000375e+01 9.047000000000000597e+00
3.597099999999999653e+01 8.619100000000000250e+01
5.883700000000000330e+01 1.161000000000000032e+00
5.574600000000000222e+01 6.001700000000000301e+01
7.447400000000000375e+01 3.206999999999999851e+00
8.479800000000000182e+01 2.477899999999999991e+01
